NMI: 0.242356538772583
NMI: 0.24882781505584717
NMI: 0.2473287433385849
NMI: 0.23739823698997498
