NMI: 0.02093321457505226
NMI: 0.02181539312005043
NMI: 0.025282982736825943
