NMI: 0.26923608779907227
NMI: 0.26137295365333557
NMI: 0.2729196846485138
NMI: 0.23829230666160583
