NMI: 0.020650357007980347
NMI: 0.021624112501740456
NMI: 0.022221341729164124
