NMI: 0.020152797922492027
NMI: 0.027936600148677826
NMI: 0.02208740822970867
