NMI: 0.2022407054901123
NMI: 0.1763562262058258
NMI: 0.17728865146636963
