NMI: 0.2434353083372116
NMI: 0.25133657455444336
NMI: 0.245573952794075
