NMI: 0.23738175630569458
NMI: 0.24100473523139954
NMI: 0.23992250859737396
NMI: 0.268509179353714
