NMI: 0.17079313099384308
NMI: 0.14486971497535706
NMI: 0.17355892062187195
