NMI: 0.1016051435237512
NMI: 0.10465035938281933
NMI: 0.08237433889535922
NMI: 0.10068677563722767
