NMI: 0.023824432864785194
NMI: 0.025106439366936684
NMI: 0.020760396495461464
