NMI: 0.07103092223405838
NMI: 0.0881086066365242
NMI: 0.06942083686590195
