NMI: 0.27512216567993164
NMI: 0.27725666761398315
NMI: 0.25941988825798035
NMI: 0.27993860840797424
