NMI: 0.2663876414299011
NMI: 0.2018982470035553
NMI: 0.2451307326555252
