NMI: 0.24780738353729248
NMI: 0.20927965641021729
NMI: 0.26237812638282776
