NMI: 0.02178008481860161
NMI: 0.025945618748664856
NMI: 0.024889713153243065
