NMI: 0.2597334682941437
NMI: 0.24419459700584412
NMI: 0.24048639833927155
NMI: 0.24343182146549225
