NMI: 0.1470198780298233
NMI: 0.24453459680080414
NMI: 0.20227742195129395
