NMI: 0.26186519861221313
NMI: 0.2410423308610916
NMI: 0.23324540257453918
