NMI: 0.20708823204040527
NMI: 0.23840948939323425
NMI: 0.23668813705444336
