NMI: 0.15688356757164001
NMI: 0.1572619080543518
NMI: 0.1556732952594757
NMI: 0.1603376418352127
