NMI: 0.2535146176815033
NMI: 0.26225215196609497
NMI: 0.24684929847717285
