NMI: 0.1078440248966217
NMI: 0.11906295269727707
NMI: 0.11937549710273743
NMI: 0.1576513946056366
