NMI: 0.38493290543556213
NMI: 0.4167502224445343
NMI: 0.3955860435962677
