NMI: 0.37366634607315063
NMI: 0.3035939037799835
NMI: 0.3150254786014557
