NMI: 0.06493677198886871
NMI: 0.06811406463384628
NMI: 0.0879458412528038
