NMI: 0.1078176349401474
NMI: 0.10569661855697632
NMI: 0.09859935939311981
