NMI: 0.1175474151968956
NMI: 0.11501847207546234
NMI: 0.10355710983276367
NMI: 0.12053599208593369
