NMI: 0.35026562213897705
NMI: 0.3719344437122345
NMI: 0.36004766821861267
