NMI: 0.2039683759212494
NMI: 0.17359498143196106
NMI: 0.2069234997034073
NMI: 0.20856212079524994
