NMI: 0.3825634717941284
NMI: 0.3547230362892151
NMI: 0.36193734407424927
