NMI: 0.4133259356021881
NMI: 0.3946872651576996
NMI: 0.38323187828063965
