NMI: 0.1428954303264618
NMI: 0.10822529345750809
NMI: 0.11057451367378235
