NMI: 0.2749897241592407
NMI: 0.2677832543849945
NMI: 0.2795625329017639
NMI: 0.2893032431602478
