NMI: 0.15187539160251617
NMI: 0.13696324825286865
NMI: 0.15363575518131256
