NMI: 0.39579445123672485
NMI: 0.39962735772132874
NMI: 0.3877444863319397
