NMI: 0.41795700788497925
NMI: 0.39520081877708435
