NMI: 0.06958978623151779
NMI: 0.08006475120782852
