NMI: 0.08038362115621567
NMI: 0.10974889248609543
NMI: 0.10955282300710678
