NMI: 0.04188749917849667
NMI: 0.03813118439215584
NMI: 0.028925949663552497
NMI: 0.042453714424729797
