NMI: 0.17525330185890198
NMI: 0.1701827049255371
NMI: 0.05322525277733803
