NMI: 0.06813888996839523
NMI: 0.08555759489536285
NMI: 0.07625803351402283
