NMI: 0.2803107500076294
NMI: 0.24432575702667236
NMI: 0.23481926321983337
