NMI: 0.430560827255249
NMI: 0.3639799654483795
NMI: 0.41623401641845703
