NMI: 0.37538814544677734
NMI: 0.39929860830307007
NMI: 0.34385526180267334
