NMI: 0.2357754409313202
NMI: 0.19399388134479523
NMI: 0.1943753957748413
