NMI: 0.17982298135757446
NMI: 0.2323884218931198
