NMI: 0.32842424511909485
NMI: 0.36446651816368103
NMI: 0.3140219449996948
