NMI: 0.1683456301689148
NMI: 0.19041183590888977
NMI: 0.19769027829170227
