NMI: 0.3830661177635193
NMI: 0.40349841117858887
NMI: 0.38173675537109375
