NMI: 0.16533593833446503
NMI: 0.21110501885414124
NMI: 0.14135263860225677
NMI: 0.143451526761055
