NMI: 0.42904722690582275
NMI: 0.41356536746025085
NMI: 0.36100029945373535
