NMI: 0.2964777648448944
NMI: 0.26909339427948
NMI: 0.19044706225395203
