NMI: 0.21488691866397858
NMI: 0.20280054211616516
NMI: 0.21517601609230042
