NMI: 0.41815099120140076
NMI: 0.4250316321849823
NMI: 0.4376400113105774
