NMI: 0.31746208667755127
NMI: 0.3698861598968506
NMI: 0.2954258620738983
