NMI: 0.4144345223903656
NMI: 0.4200725257396698
NMI: 0.37878575921058655
