NMI: 0.20294247567653656
NMI: 0.23678012192249298
NMI: 0.26189255714416504
