NMI: 0.17989537119865417
NMI: 0.20645759999752045
NMI: 0.17583250999450684
