NMI: 0.31980639696121216
NMI: 0.2738665044307709
NMI: 0.2717553973197937
