NMI: 0.17831604182720184
NMI: 0.1608889102935791
NMI: 0.15742143988609314
