NMI: 0.1835210770368576
NMI: 0.1634969413280487
NMI: 0.19966621696949005
