NMI: 0.234972005140195
NMI: 0.26443216724932217
NMI: 0.26433308468062816
NMI: 0.2497531427534742
