NMI: 0.20236366987228394
NMI: 0.13345342874526978
NMI: 0.21072392165660858
