NMI: 0.28924858570098877
NMI: 0.30203312635421753
NMI: 0.27708879113197327
NMI: 0.306633859872818
