NMI: 0.22099077701568604
NMI: 0.2215745896100998
