NMI: 0.22038419544696808
NMI: 0.23571543395519257
NMI: 0.21225756406784058
NMI: 0.26343798637390137
