NMI: 0.41029369831085205
NMI: 0.45307081937789917
NMI: 0.40017327666282654
